function [A_im, b_im, A_ex, b_ex, c] = IMRK3()
%IMRK3 Third-order Kennedy-Carpenter

% -- implicit coefficients -----------------------------------------------------------
A_im = zeros(4);
A_im(2,1) =   1767732205903.0  / 4055673282236.0;
A_im(2,2) =   1767732205903.0  / 4055673282236.0;
A_im(3,1) =   2746238789719.0  / 10658868560708.0;
A_im(3,2) = - 640167445237.0   / 6845629431997.0;
A_im(3,3) =   1767732205903.0  / 4055673282236.0;
A_im(4,1) =   1471266399579.0  / 7840856788654.0;
A_im(4,2) = - 4482444167858.0  / 7529755066697.0;
A_im(4,3) =   11266239266428.0 / 11593286722821.0;
A_im(4,4) =   1767732205903.0  / 4055673282236.0;

b_im = [
    1471266399579.0  / 7840856788654.0
    - 4482444167858.0 / 7529755066697.0
    11266239266428.0 / 11593286722821.0
    1767732205903.0 / 4055673282236.0
];

% -- explicit coefficients -----------------------------------------------------------
A_ex = zeros(4);
A_ex(2,1) =   1767732205903.0  / 2027836641118.0;
A_ex(3,1) =   5535828885825.0  / 10492691773637.0;
A_ex(3,2) =   788022342437.0   / 10882634858940.0;
A_ex(4,1) =   6485989280629.0  / 16251701735622.0;
A_ex(4,2) = - 4246266847089.0  / 9704473918619.0;
A_ex(4,3) =   10755448449292.0 / 10357097424841.0;

b_ex = b_im;

% -- c Vector ------------------------------------------------------------------------
c    = [ 0, 1767732205903 / 2027836641118, 3 / 5, 1 ];

end